# Number of reefs in the current run
6
# Number of years
6
# Estimate M (1=Yes;-1=No)
1
# Estimate Qage (0=Yes; 1=N0)
1
# Apply Schnute correction factor
1
# Age-at-recruitment
4
# Number of F parameters
2
#6
# Offset (0, 6, 12, 18)
18
# Ratio of initial biomass to B0 (1->B1/B0=0)
1 1 1 1 0 0  1 1 1 1 0 0  1 1 1 1 0 0  1 1 1 1 0 0
# 0 0 0 0 0 0  0 0 0 0 0 0 0 0 0 0 0 0 0 0 0 0 0 0
# Target depletions (and SDs)
0.8 0.8 0.8 0.8 0.8 0.8
100 100 100 100 100 100
#0.01 0.01 0.01 0.01 100 100
# Reef perimeter
   78.74 174.14 266.04 414.52 223.88 228.98 260.98 145.08 323.16 139.16 147.42 142.22 142.32 106.34 195.12 744.46 122.16 421.10 329.20 324.78 433.60 307.20 239.78 275.62
# Catch:MacGill ;GC-1
 1995        .0       .0       .0       .0       .0       .0       .0       .0       .0       .0       .0       .0
 1996        .0       .0       .0       .0       .0       .0       .0       .0       .0       .0       .0       .0
 1997        .0       .0       .0       .0       .0       .0       .0       .0       .0       .0       .0       .0
 1998        .0       .0       .0       .0       .0       .0       .0       .0       .0       .0       .0       .0
 1999        .0       .0       .0       .0       .0       .0       .0       .0       .0       .0       .0       .0
 2000        .0       .0       .0       .0       .0       .0       .0       .0       .0       .0       .0       .0
# Catch:StdDirn ;GC-1
 1995        .0       .0       .0       .0       .0       .0       .0       .0       .0       .0       .0       .0
 1996        .0       .0       .0       .0       .0       .0       .0       .0       .0       .0       .0       .0
 1997        .0       .0       .0       .0       .0       .0       .0       .0       .0       .0       .0       .0
 1998        .0       .0       .0       .0       .0       .0       .0       .0       .0       .0       .0       .0
 1999        .0       .0       .0       .0       .0       .0       .0       .0       .0       .0       .0       .0
 2000        .0       .0       .0       .0       .0       .0       .0       .0       .0       .0       .0       .0
# Catch:RockyA  ;GF-1
 1995        .0       .0       .0       .0       .0       .0       .0       .0       .0       .0       .0       .0
 1996        .0       .0       .0       .0       .0       .0       .0       .0       .0       .0       .0       .0
 1997        .0       .0       .0     36.5    125.0       .0       .0     13.7     40.4     44.0     29.5     45.1
 1998        .0     31.5      4.3       .0       .0       .0       .0       .0       .0       .0       .0       .0
 1999        .0       .0       .0       .0       .0       .0       .0       .0       .0       .0       .0       .0
 2000        .0       .0       .0       .0       .0       .0       .0       .0       .0       .0       .0       .0
# Catch:Eyrie   ;GF-2
 1995        .0       .0       .0       .0       .0       .0       .0       .0       .0       .0       .0       .0
 1996        .0       .0       .0       .0       .0       .0       .0       .0       .0       .0       .0       .0
 1997        .0       .0       .0       .0       .0       .0       .0       .0       .0       .0       .0       .0
 1998        .0       .0       .0       .0       .0       .0       .0       .0       .0       .0       .0       .0
 1999        .0       .0    354.9     80.0    249.0      5.0       .0       .0    176.5    252.0     13.5    147.3
 2000        .0       .0       .0       .0       .0       .0       .0       .0       .0       .0       .0       .0
# Catch:RockyB  ;BF-1
 1995     248.6     12.0     78.0       .0     27.5       .0    338.5       .0       .0       .0    418.3    712.0
 1996      75.3    162.1     99.1    178.8     86.7       .0    202.9    412.2     86.8     10.7       .0       .0
 1997      35.0       .0     19.6     34.1    139.3    599.4    148.5    146.1    220.2    491.0    989.3      3.3
 1998     161.5     21.1       .0       .0       .0       .0       .0       .0       .0       .0       .0       .0
 1999        .0       .0       .0       .0       .0       .0       .0       .0       .0       .0       .0       .0
 2000        .0       .0       .0       .0       .0       .0       .0       .0       .0       .0       .0       .0
# Catch:14133   ;BF-2
 1995     187.6       .0     79.1      2.0     28.6       .0    117.6       .0       .0       .0    222.6       .0
 1996      51.9    102.8     68.3     98.9    114.1       .0    176.4     36.2     59.8      7.4    190.0       .0
 1997        .0       .0      8.1     14.1     15.3     68.0     61.4     41.8    161.0       .0    419.2    379.4
 1998     307.6     21.7       .0     81.3      4.1       .0       .6    291.0    185.0     98.8    105.8     82.0
 1999     927.0    108.0     43.3    142.9    453.4    538.5    916.4    662.2   1150.1    165.2    260.3    506.4
 2000        .0       .0       .0       .0       .0       .0       .0       .0       .0       .0       .0       .0
# Catch:Dip     ;GC-1
 1995        .0       .0       .0       .0       .0       .0       .0       .0       .0       .0       .0       .0
 1996        .0       .0       .0       .0       .0       .0       .0       .0       .0       .0       .0       .0
 1997        .0       .0       .0       .0       .0       .0       .0       .0       .0       .0       .0       .0
 1998        .0       .0       .0       .0       .0       .0       .0       .0       .0       .0       .0       .0
 1999        .0       .0       .0       .0       .0       .0       .0       .0       .0       .0       .0       .0
 2000        .0       .0       .0       .0       .0       .0       .0       .0       .0       .0       .0       .0
# Catch:Glow    ;GC-2
 1995        .0       .0       .0       .0       .0       .0       .0       .0       .0       .0       .0       .0
 1996        .0       .0       .0       .0       .0       .0       .0       .0       .0       .0       .0       .0
 1997        .0       .0       .0       .0       .0       .0       .0       .0       .0       .0       .0       .0
 1998        .0       .0       .0       .0       .0       .0       .0       .0       .0       .0       .0       .0
 1999        .0       .0       .0       .0       .0       .0       .0       .0       .0       .0       .0       .0
 2000        .0       .0       .0       .0       .0       .0       .0       .0       .0       .0       .0       .0
# Catch:Yankee  ;GF-1
 1995        .0       .0       .0       .0       .0       .0       .0       .0       .0       .0       .0       .0
 1996        .0       .0       .0       .0       .0       .0       .0       .0       .0       .0       .0       .0
 1997        .0       .0    110.0   1652.5    699.5    272.9    635.7    140.5     75.0    534.4    170.7    118.9
 1998        .0    646.6    120.0       .0       .0       .0       .0       .0       .0       .0       .0       .0
 1999        .0       .0       .0       .0       .0       .0       .0       .0       .0       .0       .0       .0
 2000        .0       .0       .0       .0       .0       .0       .0       .0       .0       .0       .0       .0
# Catch:Faraday ;GF-2
 1995        .0       .0       .0       .0       .0       .0       .0       .0       .0       .0       .0       .0
 1996        .0       .0       .0       .0       .0       .0       .0       .0       .0       .0       .0       .0
 1997        .0       .0       .0       .0       .0       .0       .0       .0       .0       .0       .0       .0
 1998        .0       .0       .0       .0       .0       .0       .0       .0       .0       .0       .0       .0
 1999        .0       .0     82.4      8.8    294.6     47.0    288.9   1605.0     58.1     80.5    212.4      9.9
 2000        .0       .0       .0       .0       .0       .0       .0       .0       .0       .0       .0       .0
# Catch:Knife   ;BF-1
 1995       8.9    589.7    217.5       .4     12.9       .8     21.2     14.2    264.7      3.5     17.7      1.6
 1996       2.9      6.8       .0       .5       .1      7.1     13.5    240.4      2.6      5.8     76.5      8.1
 1997      12.9      4.9    285.4       .5       .5       .2       .7     76.7     35.5      3.8      7.2       .0
 1998        .4       .0       .0       .0       .0       .0       .0       .0       .0       .0       .0       .0
 1999        .0       .0       .0       .0       .0       .0       .0       .0       .0       .0       .0       .0
 2000        .0       .0       .0       .0       .0       .0       .0       .0       .0       .0       .0       .0
# Catch:Fork    ;BF-2
 1995       1.5       .0    386.0    185.6     22.3      1.4     36.5     24.4     57.4    416.0    848.9      2.7
 1996     262.8    201.5    151.0      3.3       .9     43.1     81.9    637.1    312.9     35.2     97.6    386.4
 1997     198.0     80.3     44.2      3.9    691.1     97.5   1508.8    351.1    302.3    188.6     59.6       .0
 1998       6.7    762.4   2314.0      8.7    240.0       .0       .0    301.0     88.3    582.8    258.5    104.9
 1999       2.8    476.1   1178.3     14.8    152.9     71.9    319.4    688.3       .0    179.7    703.0    225.8
 2000        .0       .0       .0       .0       .0       .0       .0       .0       .0       .0       .0       .0
# Catch:20137   ;GC-1
 1995        .0       .0       .0       .0       .0       .0       .0       .0       .0       .0       .0       .0
 1996        .0       .0       .0       .0       .0       .0       .0       .0       .0       .0       .0       .0
 1997        .0       .0       .0       .0       .0       .0       .0       .0       .0       .0       .0       .0
 1998        .0       .0       .0       .0       .0       .0       .0       .0       .0       .0       .0       .0
 1999        .0       .0       .0       .0       .0       .0       .0       .0       .0       .0       .0       .0
 2000        .0       .0       .0       .0       .0       .0       .0       .0       .0       .0       .0       .0
# Catch:20142   ;GC-2
 1995        .0       .0       .0       .0       .0       .0       .0       .0       .0       .0       .0       .0
 1996        .0       .0       .0       .0       .0       .0       .0       .0       .0       .0       .0       .0
 1997        .0       .0       .0       .0       .0       .0       .0       .0       .0       .0       .0       .0
 1998        .0       .0       .0       .0       .0       .0       .0       .0       .0       .0       .0       .0
 1999        .0       .0       .0       .0       .0       .0       .0       .0       .0       .0       .0       .0
 2000        .0       .0       .0       .0       .0       .0       .0       .0       .0       .0       .0       .0
# Catch:20136   ;GF-1
 1995        .0       .0       .0       .0       .0       .0       .0       .0       .0       .0       .0       .0
 1996        .0       .0       .0       .0       .0       .0       .0       .0       .0       .0       .0       .0
 1997        .0       .0      2.3   1397.4     31.4    120.4     18.5     23.0     18.8       .0     26.1     42.3
 1998        .0    138.5    118.4       .0       .0       .0       .0       .0       .0       .0       .0       .0
 1999        .0       .0       .0       .0       .0       .0       .0       .0       .0       .0       .0       .0
 2000        .0       .0       .0       .0       .0       .0       .0       .0       .0       .0       .0       .0
# Catch:Bax     ;GF-2
 1995        .0       .0       .0       .0       .0       .0       .0       .0       .0       .0       .0       .0
 1996        .0       .0       .0       .0       .0       .0       .0       .0       .0       .0       .0       .0
 1997        .0       .0       .0       .0       .0       .0       .0       .0       .0       .0       .0       .0
 1998        .0       .0       .0       .0       .0       .0       .0       .0       .0       .0       .0       .0
 1999        .0       .0    581.8     10.6     22.8     21.5     59.3    259.9     37.5    918.7     21.3   1022.7
 2000        .0       .0       .0       .0       .0       .0       .0       .0       .0       .0       .0       .0
# Catch:Liff    ;BF-1
 1995      35.8       .0    596.0     26.5       .0     28.8     16.1       .0    152.2     18.0      7.5     19.3
 1996     390.8       .0       .0     13.2       .0      4.1     22.9     12.6     14.8     15.2      5.2      2.0
 1997      14.5      9.9      1.5     75.5     10.8      4.9     59.6     66.8      6.1      4.8      4.4      6.3
 1998        .0     15.2    191.8       .0       .0       .0       .0       .0       .0       .0       .0       .0
 1999        .0       .0       .0       .0       .0       .0       .0       .0       .0       .0       .0       .0
 2000        .0       .0       .0       .0       .0       .0       .0       .0       .0       .0       .0       .0
# Catch:Boulton ;BF-2
 1995     269.9    394.7    596.9    818.6    391.0    408.5     91.0       .0   1008.8    579.3    843.7    762.4
 1996     504.5     45.8    122.6    413.2    135.1    346.4    634.0    458.8    587.5     70.2    820.8    531.5
 1997      39.9    113.0     95.8    353.2    150.9     22.9     27.6     12.4     25.2     90.0     22.9     50.7
 1998      69.2    198.3     20.6     68.9     43.5    124.9     26.0     98.9    108.4    110.0     34.8    586.0
 1999     106.5     11.6     41.1     97.4     15.9     15.1     41.5    437.3    168.2    738.0     50.2    355.3
 2000        .0       .0       .0       .0       .0       .0       .0       .0       .0       .0       .0       .0
# Catch:21131   ;GC-1
 1995        .0       .0       .0       .0       .0       .0       .0       .0       .0       .0       .0       .0
 1996        .0       .0       .0       .0       .0       .0       .0       .0       .0       .0       .0       .0
 1997        .0       .0       .0       .0       .0       .0       .0       .0       .0       .0       .0       .0
 1998        .0       .0       .0       .0       .0       .0       .0       .0       .0       .0       .0       .0
 1999        .0       .0       .0       .0       .0       .0       .0       .0       .0       .0       .0       .0
 2000        .0       .0       .0       .0       .0       .0       .0       .0       .0       .0       .0       .0
# Catch:21132   ;GC-2
 1995        .0       .0       .0       .0       .0       .0       .0       .0       .0       .0       .0       .0
 1996        .0       .0       .0       .0       .0       .0       .0       .0       .0       .0       .0       .0
 1997        .0       .0       .0       .0       .0       .0       .0       .0       .0       .0       .0       .0
 1998        .0       .0       .0       .0       .0       .0       .0       .0       .0       .0       .0       .0
 1999        .0       .0       .0       .0       .0       .0       .0       .0       .0       .0       .0       .0
 2000        .0       .0       .0       .0       .0       .0       .0       .0       .0       .0       .0       .0
# Catch:21130   ;GF-1
 1995        .0       .0       .0       .0       .0       .0       .0       .0       .0       .0       .0       .0
 1996        .0       .0       .0       .0       .0       .0       .0       .0       .0       .0       .0       .0
 1997        .0       .0   1943.5    910.6    597.4    324.6    121.7    224.5    151.7   1610.8    136.8    125.3
 1998        .0     58.0     20.8       .0       .0       .0       .0       .0       .0       .0       .0       .0
 1999        .0       .0       .0       .0       .0       .0       .0       .0       .0       .0       .0       .0
 2000        .0       .0       .0       .0       .0       .0       .0       .0       .0       .0       .0       .0
# Catch:21133   ;GF-2
 1995        .0       .0       .0       .0       .0       .0       .0       .0       .0       .0       .0       .0
 1996        .0       .0       .0       .0       .0       .0       .0       .0       .0       .0       .0       .0
 1997        .0       .0       .0       .0       .0       .0       .0       .0       .0       .0       .0       .0
 1998        .0       .0       .0       .0       .0       .0       .0       .0       .0       .0       .0       .0
 1999        .0       .0       .0       .0       .0       .0       .0       .0       .0       .0       .0       .0
 2000        .0       .0       .0       .0       .0       .0       .0       .0       .0       .0       .0       .0
# Catch:21124   ;BF-1
 1995     153.6     11.5     68.1    453.5    443.9    160.8   1804.5    243.4   2136.4    491.6    509.6     72.1
 1996     175.3    113.9   1035.1    200.5     36.6    123.6    417.8    354.3    566.1     41.8    322.3    260.6
 1997     137.7     46.2     68.5    925.1    258.2    306.3     59.1     50.8   2198.1    100.4    125.8    121.9
 1998      58.5    139.7     90.0       .0       .0       .0       .0       .0       .0       .0       .0       .0
 1999        .0       .0       .0       .0       .0       .0       .0       .0       .0       .0       .0       .0
 2000        .0       .0       .0       .0       .0       .0       .0       .0       .0       .0       .0       .0
# Catch:21139   ;BF-2
 1995     280.4      7.8    276.8    856.5    449.5    108.2    846.2    413.8    124.5    171.3    623.5    249.5
 1996      66.1     17.0   1083.7   1047.9    319.6   1911.9    220.1    781.4    270.7    294.3    651.0    266.5
 1997      23.7     39.6    170.8    689.4    661.6     85.6     81.3     79.6     17.2   1586.4    201.3    126.0
 1998        .0     88.0    194.9     10.5     13.0    752.0     20.2       .0       .0     10.5    147.0      6.7
 1999       3.3       .0      8.3     11.9    120.4    203.4     12.0    137.5     10.2    150.7     20.0    120.3
 2000        .0       .0       .0       .0       .0       .0       .0       .0       .0       .0       .0       .0
# Mean Age:MacGill ;GC-1
 1995    .00   .00   .00   .00   .00   .00   .00   .00   .00  4.88   .00   .00
 1996    .00   .00   .00   .00   .00   .00   .00   .00   .00   .00   .00   .00
 1997    .00   .00   .00   .00   .00   .00   .00   .00   .00  4.81   .00   .00
 1998    .00   .00   .00   .00   .00   .00   .00   .00   .00  5.32   .00   .00
 1999    .00   .00   .00   .00   .00   .00   .00   .00   .00  4.40   .00  4.75
 2000    .00   .00   .00   .00   .00   .00   .00   .00   .00   .00   .00   .00
# Mean Age:StdDirn ;GC-1
 1995    .00   .00   .00   .00   .00   .00   .00   .00   .00  5.39   .00   .00
 1996    .00   .00   .00   .00   .00   .00   .00   .00   .00  5.71   .00   .00
 1997    .00   .00   .00   .00   .00   .00   .00   .00   .00  5.38   .00   .00
 1998    .00   .00   .00   .00   .00   .00   .00   .00   .00  5.09   .00   .00
 1999    .00   .00   .00   .00   .00   .00   .00   .00   .00  5.00   .00   .00
 2000    .00   .00   .00   .00   .00   .00   .00   .00   .00   .00   .00   .00
# Mean Age:RockyA  ;GF-1
 1995    .00   .00   .00   .00   .00   .00   .00   .00   .00  5.64   .00   .00
 1996    .00   .00   .00   .00   .00   .00   .00   .00   .00  5.82   .00   .00
 1997    .00   .00   .00   .00   .00   .00   .00   .00   .00  5.99   .00   .00
 1998    .00   .00   .00   .00   .00   .00   .00   .00  5.56   .00   .00   .00
 1999    .00   .00   .00   .00   .00   .00   .00   .00   .00   .00   .00  5.18
 2000    .00   .00   .00   .00   .00   .00   .00   .00   .00   .00   .00   .00
# Mean Age:Eyrie   ;GF-2
 1995    .00   .00   .00   .00   .00   .00   .00   .00   .00  6.11   .00   .00
 1996    .00   .00   .00   .00   .00   .00   .00   .00   .00  6.12   .00   .00
 1997    .00   .00   .00   .00   .00   .00   .00   .00   .00  6.35   .00   .00
 1998    .00   .00   .00   .00   .00   .00   .00   .00   .00  6.42   .00   .00
 1999    .00   .00   .00   .00   .00   .00   .00   .00   .00   .00   .00  6.66
 2000    .00   .00   .00   .00   .00   .00   .00   .00   .00   .00   .00   .00
# Mean Age:RockyB  ;BF-1
 1995    .00   .00   .00   .00   .00   .00   .00   .00   .00  5.11   .00   .00
 1996    .00   .00   .00   .00   .00   .00   .00   .00   .00  4.86   .00   .00
 1997    .00   .00   .00   .00   .00   .00   .00   .00   .00  5.16   .00   .00
 1998    .00   .00   .00   .00   .00   .00   .00   .00   .00  4.66   .00   .00
 1999    .00   .00   .00   .00   .00   .00   .00   .00   .00  5.08   .00   .00
 2000    .00   .00   .00   .00   .00   .00   .00   .00   .00   .00   .00   .00
# Mean Age:14133   ;BF-2
 1995    .00   .00   .00   .00   .00   .00   .00   .00   .00  5.23   .00   .00
 1996    .00   .00   .00   .00   .00   .00   .00   .00   .00  4.96   .00   .00
 1997    .00   .00   .00   .00   .00   .00   .00   .00   .00  5.71   .00   .00
 1998    .00   .00   .00   .00   .00   .00   .00   .00  5.40   .00   .00   .00
 1999    .00   .00   .00   .00   .00   .00   .00   .00   .00  5.24   .00   .00
 2000    .00   .00   .00   .00   .00   .00   .00   .00   .00   .00   .00   .00
# Mean Age:Dip     ;GC-1
 1995    .00   .00   .00   .00   .00   .00   .00   .00   .00   .00  7.08   .00
 1996    .00   .00   .00   .00   .00   .00   .00   .00   .00  6.64   .00   .00
 1997    .00   .00   .00   .00   .00   .00   .00   .00   .00  6.30   .00   .00
 1998    .00   .00   .00   .00   .00   .00   .00   .00   .00  5.05   .00   .00
 1999    .00   .00   .00   .00   .00   .00   .00   .00   .00   .00  5.20   .00
 2000    .00   .00   .00   .00   .00   .00   .00   .00   .00   .00   .00   .00
# Mean Age:Glow    ;GC-2
 1995    .00   .00   .00   .00   .00   .00   .00   .00   .00   .00  6.63   .00
 1996    .00   .00   .00   .00   .00   .00   .00   .00   .00   .00  6.60   .00
 1997    .00   .00   .00   .00   .00   .00   .00   .00   .00  5.49   .00   .00
 1998    .00   .00   .00   .00   .00   .00   .00   .00   .00  4.78   .00   .00
 1999    .00   .00   .00   .00   .00   .00   .00   .00   .00   .00  5.29   .00
 2000    .00   .00   .00   .00   .00   .00   .00   .00   .00   .00   .00   .00
# Mean Age:Yankee  ;GF-1
 1995    .00   .00   .00   .00   .00   .00   .00   .00   .00   .00  5.37   .00
 1996    .00   .00   .00   .00   .00   .00   .00   .00   .00   .00  4.96   .00
 1997    .00   .00   .00   .00   .00   .00   .00   .00   .00  5.33   .00   .00
 1998    .00   .00   .00   .00   .00   .00   .00   .00   .00  4.37   .00   .00
 1999    .00   .00   .00   .00   .00   .00   .00   .00   .00   .00  4.93   .00
 2000    .00   .00   .00   .00   .00   .00   .00   .00   .00   .00   .00   .00
# Mean Age:Faraday ;GF-2
 1995    .00   .00   .00   .00   .00   .00   .00   .00   .00   .00  6.80   .00
 1996    .00   .00   .00   .00   .00   .00   .00   .00   .00  7.48   .00   .00
 1997    .00   .00   .00   .00   .00   .00   .00   .00   .00  5.58   .00   .00
 1998    .00   .00   .00   .00   .00   .00   .00   .00   .00  4.52   .00   .00
 1999    .00   .00   .00   .00   .00   .00   .00   .00   .00   .00  4.79   .00
 2000    .00   .00   .00   .00   .00   .00   .00   .00   .00   .00   .00   .00
# Mean Age:Knife   ;BF-1
 1995    .00   .00   .00   .00   .00   .00   .00   .00   .00   .00  4.23   .00
 1996    .00   .00   .00   .00   .00   .00   .00   .00   .00   .00  4.62   .00
 1997    .00   .00   .00   .00   .00   .00   .00   .00   .00  4.00   .00   .00
 1998    .00   .00   .00   .00   .00   .00   .00   .00   .00  4.58   .00   .00
 1999    .00   .00   .00   .00   .00   .00   .00   .00   .00  4.58   .00   .00
 2000    .00   .00   .00   .00   .00   .00   .00   .00   .00   .00   .00   .00
# Mean Age:Fork    ;BF-2
 1995    .00   .00   .00   .00   .00   .00   .00   .00   .00   .00  5.03   .00
 1996    .00   .00   .00   .00   .00   .00   .00   .00   .00   .00  5.56   .00
 1997    .00   .00   .00   .00   .00   .00   .00   .00   .00  5.25   .00   .00
 1998    .00   .00   .00   .00   .00   .00   .00   .00   .00  4.82   .00   .00
 1999    .00   .00   .00   .00   .00   .00   .00   .00   .00  4.47   .00   .00
 2000    .00   .00   .00   .00   .00   .00   .00   .00   .00   .00   .00   .00
# Mean Age:20137   ;GC-1
 1995    .00   .00   .00   .00   .00   .00   .00   .00   .00   .00   .00  5.05
 1996    .00   .00   .00   .00   .00   .00   .00   .00   .00   .00  5.24   .00
 1997    .00   .00   .00   .00   .00   .00   .00   .00   .00   .00  6.02   .00
 1998    .00   .00   .00   .00   .00   .00   .00   .00   .00  5.52   .00   .00
 1999    .00   .00   .00   .00   .00   .00   .00   .00   .00   .00  5.68   .00
 2000    .00   .00   .00   .00   .00   .00   .00   .00   .00   .00   .00   .00
# Mean Age:20142   ;GC-2
 1995    .00   .00   .00   .00   .00   .00   .00   .00   .00   .00   .00  5.21
 1996    .00   .00   .00   .00   .00   .00   .00   .00   .00   .00  5.36   .00
 1997    .00   .00   .00   .00   .00   .00   .00   .00   .00   .00  5.45   .00
 1998    .00   .00   .00   .00   .00   .00   .00   .00   .00  5.20   .00   .00
 1999    .00   .00   .00   .00   .00   .00   .00   .00   .00   .00  5.18   .00
 2000    .00   .00   .00   .00   .00   .00   .00   .00   .00   .00   .00   .00
# Mean Age:20136   ;GF-1
 1995    .00   .00   .00   .00   .00   .00   .00   .00   .00   .00   .00  5.34
 1996    .00   .00   .00   .00   .00   .00   .00   .00   .00   .00  5.72   .00
 1997    .00   .00   .00   .00   .00   .00   .00   .00   .00   .00  6.39   .00
 1998    .00   .00   .00   .00   .00   .00   .00   .00   .00  5.08   .00   .00
 1999    .00   .00   .00   .00   .00   .00   .00   .00   .00   .00  5.17   .00
 2000    .00   .00   .00   .00   .00   .00   .00   .00   .00   .00   .00   .00
# Mean Age:Bax     ;GF-2
 1995    .00   .00   .00   .00   .00   .00   .00   .00   .00   .00   .00  5.35
 1996    .00   .00   .00   .00   .00   .00   .00   .00   .00   .00  5.27   .00
 1997    .00   .00   .00   .00   .00   .00   .00   .00   .00   .00  6.56   .00
 1998    .00   .00   .00   .00   .00   .00   .00   .00   .00   .00  5.51   .00
 1999    .00   .00   .00   .00   .00   .00   .00   .00   .00   .00  5.03   .00
 2000    .00   .00   .00   .00   .00   .00   .00   .00   .00   .00   .00   .00
# Mean Age:Liff    ;BF-1
 1995    .00   .00   .00   .00   .00   .00   .00   .00   .00   .00   .00  5.02
 1996    .00   .00   .00   .00   .00   .00   .00   .00   .00   .00  4.87   .00
 1997    .00   .00   .00   .00   .00   .00   .00   .00   .00   .00  5.47   .00
 1998    .00   .00   .00   .00   .00   .00   .00   .00   .00   .00  4.96   .00
 1999    .00   .00   .00   .00   .00   .00   .00   .00   .00   .00  4.64   .00
 2000    .00   .00   .00   .00   .00   .00   .00   .00   .00   .00   .00   .00
# Mean Age:Boulton ;BF-2
 1995    .00   .00   .00   .00   .00   .00   .00   .00   .00   .00   .00  4.38
 1996    .00   .00   .00   .00   .00   .00   .00   .00   .00   .00  4.60   .00
 1997    .00   .00   .00   .00   .00   .00   .00   .00   .00   .00  5.20   .00
 1998    .00   .00   .00   .00   .00   .00   .00   .00   .00   .00  5.00   .00
 1999    .00   .00   .00   .00   .00   .00   .00   .00   .00   .00  4.40   .00
 2000    .00   .00   .00   .00   .00   .00   .00   .00   .00   .00   .00   .00
# Mean Age:21131   ;GC-1
 1995    .00   .00   .00   .00   .00   .00   .00   .00   .00   .00   .00   .00
 1996   5.53   .00   .00   .00   .00   .00   .00   .00   .00   .00   .00  5.61
 1997    .00   .00   .00   .00   .00   .00   .00   .00   .00   .00   .00  5.74
 1998    .00   .00   .00   .00   .00   .00   .00   .00   .00   .00  5.82   .00
 1999    .00   .00   .00   .00   .00   .00   .00   .00   .00   .00  5.27   .00
 2000    .00   .00   .00   .00   .00   .00   .00   .00   .00   .00   .00   .00
# Mean Age:21132   ;GC-2
 1995    .00   .00   .00   .00   .00   .00   .00   .00   .00   .00   .00   .00
 1996   6.24   .00   .00   .00   .00   .00   .00   .00   .00   .00   .00  6.26
 1997    .00   .00   .00   .00   .00   .00   .00   .00   .00   .00   .00  6.50
 1998    .00   .00   .00   .00   .00   .00   .00   .00   .00   .00  6.01   .00
 1999    .00   .00   .00   .00   .00   .00   .00   .00   .00   .00  5.62   .00
 2000    .00   .00   .00   .00   .00   .00   .00   .00   .00   .00   .00   .00
# Mean Age:21130   ;GF-1
 1995    .00   .00   .00   .00   .00   .00   .00   .00   .00   .00   .00   .00
 1996   5.61   .00   .00   .00   .00   .00   .00   .00   .00   .00  5.49   .00
 1997    .00   .00   .00   .00   .00   .00   .00   .00   .00   .00   .00  5.41
 1998    .00   .00   .00   .00   .00   .00   .00   .00   .00   .00  5.14   .00
 1999    .00   .00   .00   .00   .00   .00   .00   .00   .00   .00  4.92   .00
 2000    .00   .00   .00   .00   .00   .00   .00   .00   .00   .00   .00   .00
# Mean Age:21133   ;GF-2
 1995    .00   .00   .00   .00   .00   .00   .00   .00   .00   .00   .00   .00
 1996   6.14   .00   .00   .00   .00   .00   .00   .00   .00   .00   .00  5.94
 1997    .00   .00   .00   .00   .00   .00   .00   .00   .00   .00   .00  6.00
 1998    .00   .00   .00   .00   .00   .00   .00   .00   .00   .00  6.14   .00
 1999    .00   .00   .00   .00   .00   .00   .00   .00   .00   .00  5.28   .00
 2000    .00   .00   .00   .00   .00   .00   .00   .00   .00   .00   .00   .00
# Mean Age:21124   ;BF-1
 1995    .00   .00   .00   .00   .00   .00   .00   .00   .00   .00   .00   .00
 1996   5.19   .00   .00   .00   .00   .00   .00   .00   .00   .00  5.26   .00
 1997    .00   .00   .00   .00   .00   .00   .00   .00   .00   .00   .00  6.00
 1998    .00   .00   .00   .00   .00   .00   .00   .00   .00   .00  5.53   .00
 1999    .00   .00   .00   .00   .00   .00   .00   .00   .00   .00  5.03   .00
 2000    .00   .00   .00   .00   .00   .00   .00   .00   .00   .00   .00   .00
# Mean Age:21139   ;BF-2
 1995    .00   .00   .00   .00   .00   .00   .00   .00   .00   .00   .00   .00
 1996   5.22   .00   .00   .00   .00   .00   .00   .00   .00   .00   .00  6.32
 1997    .00   .00   .00   .00   .00   .00   .00   .00   .00   .00   .00   .00
 1998   4.67   .00   .00   .00   .00   .00   .00   .00   .00   .00  5.05   .00
 1999    .00   .00   .00   .00   .00   .00   .00   .00   .00   .00  4.62   .00
 2000    .00   .00   .00   .00   .00   .00   .00   .00   .00   .00   .00   .00
# SD Mean Age:MacGill ;GC-1
 1995    .00   .00   .00   .00   .00   .00   .00   .00   .00   .20   .00   .00
 1996    .00   .00   .00   .00   .00   .00   .00   .00   .00   .00   .00   .00
 1997    .00   .00   .00   .00   .00   .00   .00   .00   .00   .18   .00   .00
 1998    .00   .00   .00   .00   .00   .00   .00   .00   .00   .37   .00   .00
 1999    .00   .00   .00   .00   .00   .00   .00   .00   .00   .31   .00   .75
 2000    .00   .00   .00   .00   .00   .00   .00   .00   .00   .00   .00   .00
# SD Mean Age:StdDirn ;GC-1
 1995    .00   .00   .00   .00   .00   .00   .00   .00   .00   .20   .00   .00
 1996    .00   .00   .00   .00   .00   .00   .00   .00   .00   .21   .00   .00
 1997    .00   .00   .00   .00   .00   .00   .00   .00   .00   .26   .00   .00
 1998    .00   .00   .00   .00   .00   .00   .00   .00   .00   .18   .00   .00
 1999    .00   .00   .00   .00   .00   .00   .00   .00   .00   .18   .00   .00
 2000    .00   .00   .00   .00   .00   .00   .00   .00   .00   .00   .00   .00
# SD Mean Age:RockyA  ;GF-1
 1995    .00   .00   .00   .00   .00   .00   .00   .00   .00   .13   .00   .00
 1996    .00   .00   .00   .00   .00   .00   .00   .00   .00   .21   .00   .00
 1997    .00   .00   .00   .00   .00   .00   .00   .00   .00   .18   .00   .00
 1998    .00   .00   .00   .00   .00   .00   .00   .00   .18   .00   .00   .00
 1999    .00   .00   .00   .00   .00   .00   .00   .00   .00   .00   .00   .14
 2000    .00   .00   .00   .00   .00   .00   .00   .00   .00   .00   .00   .00
# SD Mean Age:Eyrie   ;GF-2
 1995    .00   .00   .00   .00   .00   .00   .00   .00   .00   .23   .00   .00
 1996    .00   .00   .00   .00   .00   .00   .00   .00   .00   .14   .00   .00
 1997    .00   .00   .00   .00   .00   .00   .00   .00   .00   .16   .00   .00
 1998    .00   .00   .00   .00   .00   .00   .00   .00   .00   .18   .00   .00
 1999    .00   .00   .00   .00   .00   .00   .00   .00   .00   .00   .00   .33
 2000    .00   .00   .00   .00   .00   .00   .00   .00   .00   .00   .00   .00
# SD Mean Age:RockyB  ;BF-1
 1995    .00   .00   .00   .00   .00   .00   .00   .00   .00   .13   .00   .00
 1996    .00   .00   .00   .00   .00   .00   .00   .00   .00   .23   .00   .00
 1997    .00   .00   .00   .00   .00   .00   .00   .00   .00   .18   .00   .00
 1998    .00   .00   .00   .00   .00   .00   .00   .00   .00   .19   .00   .00
 1999    .00   .00   .00   .00   .00   .00   .00   .00   .00   .14   .00   .00
 2000    .00   .00   .00   .00   .00   .00   .00   .00   .00   .00   .00   .00
# SD Mean Age:14133   ;BF-2
 1995    .00   .00   .00   .00   .00   .00   .00   .00   .00   .19   .00   .00
 1996    .00   .00   .00   .00   .00   .00   .00   .00   .00   .15   .00   .00
 1997    .00   .00   .00   .00   .00   .00   .00   .00   .00   .20   .00   .00
 1998    .00   .00   .00   .00   .00   .00   .00   .00   .19   .00   .00   .00
 1999    .00   .00   .00   .00   .00   .00   .00   .00   .00   .19   .00   .00
 2000    .00   .00   .00   .00   .00   .00   .00   .00   .00   .00   .00   .00
# SD Mean Age:Dip     ;GC-1
 1995    .00   .00   .00   .00   .00   .00   .00   .00   .00   .00   .21   .00
 1996    .00   .00   .00   .00   .00   .00   .00   .00   .00   .30   .00   .00
 1997    .00   .00   .00   .00   .00   .00   .00   .00   .00   .28   .00   .00
 1998    .00   .00   .00   .00   .00   .00   .00   .00   .00   .17   .00   .00
 1999    .00   .00   .00   .00   .00   .00   .00   .00   .00   .00   .16   .00
 2000    .00   .00   .00   .00   .00   .00   .00   .00   .00   .00   .00   .00
# SD Mean Age:Glow    ;GC-2
 1995    .00   .00   .00   .00   .00   .00   .00   .00   .00   .00   .14   .00
 1996    .00   .00   .00   .00   .00   .00   .00   .00   .00   .00   .17   .00
 1997    .00   .00   .00   .00   .00   .00   .00   .00   .00   .20   .00   .00
 1998    .00   .00   .00   .00   .00   .00   .00   .00   .00   .12   .00   .00
 1999    .00   .00   .00   .00   .00   .00   .00   .00   .00   .00   .11   .00
 2000    .00   .00   .00   .00   .00   .00   .00   .00   .00   .00   .00   .00
# SD Mean Age:Yankee  ;GF-1
 1995    .00   .00   .00   .00   .00   .00   .00   .00   .00   .00   .14   .00
 1996    .00   .00   .00   .00   .00   .00   .00   .00   .00   .00   .15   .00
 1997    .00   .00   .00   .00   .00   .00   .00   .00   .00   .88   .00   .00
 1998    .00   .00   .00   .00   .00   .00   .00   .00   .00   .08   .00   .00
 1999    .00   .00   .00   .00   .00   .00   .00   .00   .00   .00   .12   .00
 2000    .00   .00   .00   .00   .00   .00   .00   .00   .00   .00   .00   .00
# SD Mean Age:Faraday ;GF-2
 1995    .00   .00   .00   .00   .00   .00   .00   .00   .00   .00   .26   .00
 1996    .00   .00   .00   .00   .00   .00   .00   .00   .00   .39   .00   .00
 1997    .00   .00   .00   .00   .00   .00   .00   .00   .00   .27   .00   .00
 1998    .00   .00   .00   .00   .00   .00   .00   .00   .00   .16   .00   .00
 1999    .00   .00   .00   .00   .00   .00   .00   .00   .00   .00   .17   .00
 2000    .00   .00   .00   .00   .00   .00   .00   .00   .00   .00   .00   .00
# SD Mean Age:Knife   ;BF-1
 1995    .00   .00   .00   .00   .00   .00   .00   .00   .00   .00   .10   .00
 1996    .00   .00   .00   .00   .00   .00   .00   .00   .00   .00   .27   .00
 1997    .00   .00   .00   .00   .00   .00   .00   .00   .00   .00   .00   .00
 1998    .00   .00   .00   .00   .00   .00   .00   .00   .00   .23   .00   .00
 1999    .00   .00   .00   .00   .00   .00   .00   .00   .00   .13   .00   .00
 2000    .00   .00   .00   .00   .00   .00   .00   .00   .00   .00   .00   .00
# SD Mean Age:Fork    ;BF-2
 1995    .00   .00   .00   .00   .00   .00   .00   .00   .00   .00   .23   .00
 1996    .00   .00   .00   .00   .00   .00   .00   .00   .00   .00   .35   .00
 1997    .00   .00   .00   .00   .00   .00   .00   .00   .00   .37   .00   .00
 1998    .00   .00   .00   .00   .00   .00   .00   .00   .00   .17   .00   .00
 1999    .00   .00   .00   .00   .00   .00   .00   .00   .00   .10   .00   .00
 2000    .00   .00   .00   .00   .00   .00   .00   .00   .00   .00   .00   .00
# SD Mean Age:20137   ;GC-1
 1995    .00   .00   .00   .00   .00   .00   .00   .00   .00   .00   .00   .11
 1996    .00   .00   .00   .00   .00   .00   .00   .00   .00   .00   .11   .00
 1997    .00   .00   .00   .00   .00   .00   .00   .00   .00   .00   .42   .00
 1998    .00   .00   .00   .00   .00   .00   .00   .00   .00   .21   .00   .00
 1999    .00   .00   .00   .00   .00   .00   .00   .00   .00   .00   .21   .00
 2000    .00   .00   .00   .00   .00   .00   .00   .00   .00   .00   .00   .00
# SD Mean Age:20142   ;GC-2
 1995    .00   .00   .00   .00   .00   .00   .00   .00   .00   .00   .00   .11
 1996    .00   .00   .00   .00   .00   .00   .00   .00   .00   .00   .11   .00
 1997    .00   .00   .00   .00   .00   .00   .00   .00   .00   .00   .18   .00
 1998    .00   .00   .00   .00   .00   .00   .00   .00   .00   .15   .00   .00
 1999    .00   .00   .00   .00   .00   .00   .00   .00   .00   .00   .11   .00
 2000    .00   .00   .00   .00   .00   .00   .00   .00   .00   .00   .00   .00
# SD Mean Age:20136   ;GF-1
 1995    .00   .00   .00   .00   .00   .00   .00   .00   .00   .00   .00   .10
 1996    .00   .00   .00   .00   .00   .00   .00   .00   .00   .00   .11   .00
 1997    .00   .00   .00   .00   .00   .00   .00   .00   .00   .00   .60   .00
 1998    .00   .00   .00   .00   .00   .00   .00   .00   .00   .15   .00   .00
 1999    .00   .00   .00   .00   .00   .00   .00   .00   .00   .00   .12   .00
 2000    .00   .00   .00   .00   .00   .00   .00   .00   .00   .00   .00   .00
# SD Mean Age:Bax     ;GF-2
 1995    .00   .00   .00   .00   .00   .00   .00   .00   .00   .00   .00   .14
 1996    .00   .00   .00   .00   .00   .00   .00   .00   .00   .00   .12   .00
 1997    .00   .00   .00   .00   .00   .00   .00   .00   .00   .00   .23   .00
 1998    .00   .00   .00   .00   .00   .00   .00   .00   .00   .00   .15   .00
 1999    .00   .00   .00   .00   .00   .00   .00   .00   .00   .00   .19   .00
 2000    .00   .00   .00   .00   .00   .00   .00   .00   .00   .00   .00   .00
# SD Mean Age:Liff    ;BF-1
 1995    .00   .00   .00   .00   .00   .00   .00   .00   .00   .00   .00   .15
 1996    .00   .00   .00   .00   .00   .00   .00   .00   .00   .00   .11   .00
 1997    .00   .00   .00   .00   .00   .00   .00   .00   .00   .00   .29   .00
 1998    .00   .00   .00   .00   .00   .00   .00   .00   .00   .00   .20   .00
 1999    .00   .00   .00   .00   .00   .00   .00   .00   .00   .00   .12   .00
 2000    .00   .00   .00   .00   .00   .00   .00   .00   .00   .00   .00   .00
# SD Mean Age:Boulton ;BF-2
 1995    .00   .00   .00   .00   .00   .00   .00   .00   .00   .00   .00   .06
 1996    .00   .00   .00   .00   .00   .00   .00   .00   .00   .00   .12   .00
 1997    .00   .00   .00   .00   .00   .00   .00   .00   .00   .00   .24   .00
 1998    .00   .00   .00   .00   .00   .00   .00   .00   .00   .00   .20   .00
 1999    .00   .00   .00   .00   .00   .00   .00   .00   .00   .00   .14   .00
 2000    .00   .00   .00   .00   .00   .00   .00   .00   .00   .00   .00   .00
# SD Mean Age:21131   ;GC-1
 1995    .00   .00   .00   .00   .00   .00   .00   .00   .00   .00   .00   .00
 1996    .10   .00   .00   .00   .00   .00   .00   .00   .00   .00   .00   .13
 1997    .00   .00   .00   .00   .00   .00   .00   .00   .00   .00   .00   .13
 1998    .00   .00   .00   .00   .00   .00   .00   .00   .00   .00   .13   .00
 1999    .00   .00   .00   .00   .00   .00   .00   .00   .00   .00   .13   .00
 2000    .00   .00   .00   .00   .00   .00   .00   .00   .00   .00   .00   .00
# SD Mean Age:21132   ;GC-2
 1995    .00   .00   .00   .00   .00   .00   .00   .00   .00   .00   .00   .00
 1996    .12   .00   .00   .00   .00   .00   .00   .00   .00   .00   .00   .15
 1997    .00   .00   .00   .00   .00   .00   .00   .00   .00   .00   .00   .18
 1998    .00   .00   .00   .00   .00   .00   .00   .00   .00   .00   .18   .00
 1999    .00   .00   .00   .00   .00   .00   .00   .00   .00   .00   .14   .00
 2000    .00   .00   .00   .00   .00   .00   .00   .00   .00   .00   .00   .00
# SD Mean Age:21130   ;GF-1
 1995    .00   .00   .00   .00   .00   .00   .00   .00   .00   .00   .00   .00
 1996    .10   .00   .00   .00   .00   .00   .00   .00   .00   .00   .11   .00
 1997    .00   .00   .00   .00   .00   .00   .00   .00   .00   .00   .00   .22
 1998    .00   .00   .00   .00   .00   .00   .00   .00   .00   .00   .15   .00
 1999    .00   .00   .00   .00   .00   .00   .00   .00   .00   .00   .09   .00
 2000    .00   .00   .00   .00   .00   .00   .00   .00   .00   .00   .00   .00
# SD Mean Age:21133   ;GF-2
 1995    .00   .00   .00   .00   .00   .00   .00   .00   .00   .00   .00   .00
 1996    .19   .00   .00   .00   .00   .00   .00   .00   .00   .00   .00   .19
 1997    .00   .00   .00   .00   .00   .00   .00   .00   .00   .00   .00   .23
 1998    .00   .00   .00   .00   .00   .00   .00   .00   .00   .00   .26   .00
 1999    .00   .00   .00   .00   .00   .00   .00   .00   .00   .00   .23   .00
 2000    .00   .00   .00   .00   .00   .00   .00   .00   .00   .00   .00   .00
# SD Mean Age:21124   ;BF-1
 1995    .00   .00   .00   .00   .00   .00   .00   .00   .00   .00   .00   .00
 1996    .11   .00   .00   .00   .00   .00   .00   .00   .00   .00   .17   .00
 1997    .00   .00   .00   .00   .00   .00   .00   .00   .00   .00   .00   .18
 1998    .00   .00   .00   .00   .00   .00   .00   .00   .00   .00   .15   .00
 1999    .00   .00   .00   .00   .00   .00   .00   .00   .00   .00   .12   .00
 2000    .00   .00   .00   .00   .00   .00   .00   .00   .00   .00   .00   .00
# SD Mean Age:21139   ;BF-2
 1995    .00   .00   .00   .00   .00   .00   .00   .00   .00   .00   .00   .00
 1996    .17   .00   .00   .00   .00   .00   .00   .00   .00   .00   .00   .28
 1997    .00   .00   .00   .00   .00   .00   .00   .00   .00   .00   .00   .00
 1998    .18   .00   .00   .00   .00   .00   .00   .00   .00   .00   .39   .00
 1999    .00   .00   .00   .00   .00   .00   .00   .00   .00   .00   .14   .00
 2000    .00   .00   .00   .00   .00   .00   .00   .00   .00   .00   .00   .00
#UVS Indices:MacGill ;GC-1
 1995   .00000   .00000   .00000   .00000   .00000   .00000   .00000   .00000   .00000   .00000 14.67000   .00000
 1996   .00000   .00000   .00000  8.00000   .00000   .00000   .00000   .00000   .00000   .00000  8.00000   .00000
 1997   .00000   .00000   .00000   .00000 13.33000   .00000   .00000   .00000   .00000   .00000 12.00000   .00000
 1998   .00000   .00000   .00000 13.33000   .00000   .00000   .00000   .00000   .00000 17.33000   .00000   .00000
 1999   .00000   .00000   .00000   .00000  8.00000   .00000   .00000   .00000   .00000   .00000  8.00000   .00000
 2000   .00000   .00000   .00000 10.67000   .00000   .00000   .00000   .00000   .00000   .00000 12.00000   .00000
#UVS Indices:StdDirn ;GC-1
 1995   .00000   .00000   .00000   .00000   .00000   .00000   .00000   .00000   .00000   .00000 18.67000   .00000
 1996   .00000   .00000   .00000 20.00000   .00000   .00000   .00000   .00000   .00000   .00000 13.33000   .00000
 1997   .00000   .00000   .00000   .00000 12.00000   .00000   .00000   .00000   .00000   .00000 12.00000   .00000
 1998   .00000   .00000   .00000 24.00000   .00000   .00000   .00000   .00000   .00000 12.00000   .00000   .00000
 1999   .00000 13.33000   .00000   .00000 26.67000   .00000   .00000 20.00000   .00000   .00000  9.33000   .00000
 2000   .00000   .00000   .00000 17.33000   .00000   .00000   .00000   .00000   .00000   .00000 13.33000   .00000
#UVS Indices:RockyA  ;GF-1
 1995   .00000   .00000   .00000   .00000   .00000   .00000   .00000   .00000   .00000   .00000 18.89000   .00000
 1996   .00000   .00000   .00000  8.00000   .00000   .00000   .00000   .00000   .00000   .00000  8.00000   .00000
 1997   .00000   .00000 12.00000   .00000 13.33000   .00000   .00000 20.00000   .00000   .00000  8.00000   .00000
 1998   .00000   .00000   .00000 16.00000   .00000   .00000   .00000   .00000   .00000 12.00000   .00000   .00000
 1999   .00000   .00000   .00000   .00000 17.33000   .00000   .00000   .00000   .00000   .00000  9.33000   .00000
 2000   .00000   .00000   .00000 18.67000   .00000   .00000   .00000   .00000   .00000   .00000 13.33000   .00000
#UVS Indices:Eyrie   ;GF-2
 1995   .00000   .00000   .00000   .00000   .00000   .00000   .00000   .00000   .00000   .00000 20.00000   .00000
 1996   .00000   .00000   .00000  9.33000   .00000   .00000   .00000   .00000   .00000   .00000 14.67000   .00000
 1997   .00000   .00000 20.00000   .00000 14.67000   .00000   .00000 14.67000   .00000   .00000 14.67000   .00000
 1998   .00000   .00000   .00000 14.67000   .00000   .00000   .00000   .00000   .00000 12.00000   .00000   .00000
 1999   .00000 10.67000   .00000   .00000 10.67000   .00000   .00000  6.67000   .00000   .00000  8.00000   .00000
 2000   .00000   .00000   .00000  6.67000   .00000   .00000   .00000   .00000   .00000   .00000  4.00000   .00000
#UVS Indices:RockyB  ;BF-1
 1995   .00000   .00000   .00000   .00000   .00000   .00000   .00000   .00000   .00000   .00000 22.67000   .00000
 1996   .00000   .00000   .00000 17.33000   .00000   .00000   .00000   .00000   .00000   .00000 12.00000   .00000
 1997   .00000   .00000 14.67000   .00000 20.00000   .00000   .00000 22.67000   .00000   .00000  5.33000   .00000
 1998   .00000   .00000   .00000 17.33000   .00000   .00000   .00000   .00000   .00000 17.33000   .00000   .00000
 1999   .00000   .00000   .00000   .00000 33.33000   .00000   .00000   .00000   .00000   .00000 14.67000   .00000
 2000   .00000   .00000   .00000  2.67000   .00000   .00000   .00000   .00000   .00000   .00000 13.33000   .00000
#UVS Indices:14133   ;BF-2
 1995   .00000   .00000   .00000   .00000   .00000   .00000   .00000   .00000   .00000   .00000 18.67000   .00000
 1996   .00000   .00000   .00000 18.67000   .00000   .00000   .00000   .00000   .00000   .00000 13.33000   .00000
 1997   .00000   .00000   .00000   .00000 12.00000   .00000   .00000   .00000   .00000   .00000 10.67000   .00000
 1998   .00000   .00000   .00000 16.00000   .00000   .00000   .00000   .00000   .00000 10.67000   .00000   .00000
 1999   .00000 17.33000   .00000   .00000 12.00000   .00000   .00000 20.00000   .00000   .00000 12.00000   .00000
 2000   .00000   .00000   .00000 12.00000   .00000   .00000   .00000   .00000   .00000   .00000 10.67000   .00000
#UVS Indices:Dip     ;GC-1
 1995   .00000   .00000   .00000   .00000   .00000   .00000   .00000   .00000   .00000   .00000 13.33000   .00000
 1996   .00000   .00000   .00000 16.00000   .00000   .00000   .00000   .00000   .00000   .00000  6.67000   .00000
 1997   .00000   .00000   .00000   .00000 10.67000   .00000   .00000   .00000   .00000   .00000 13.33000   .00000
 1998   .00000   .00000   .00000 13.33000   .00000   .00000   .00000   .00000   .00000  9.33000   .00000   .00000
 1999   .00000   .00000   .00000   .00000 13.33000   .00000   .00000  6.67000   .00000   .00000 13.33000   .00000
 2000   .00000   .00000   .00000  9.33000   .00000   .00000   .00000   .00000   .00000   .00000  8.00000   .00000
#UVS Indices:Glow    ;GC-2
 1995   .00000   .00000   .00000   .00000   .00000   .00000   .00000   .00000   .00000   .00000  2.67000   .00000
 1996   .00000   .00000   .00000 12.00000   .00000   .00000   .00000   .00000   .00000   .00000  5.33000   .00000
 1997   .00000   .00000   .00000   .00000  6.67000   .00000   .00000   .00000   .00000   .00000  2.67000   .00000
 1998   .00000   .00000   .00000  9.33000   .00000   .00000   .00000   .00000   .00000  5.33000   .00000   .00000
 1999   .00000   .00000   .00000   .00000  9.33000   .00000   .00000   .00000   .00000   .00000  4.00000   .00000
 2000   .00000   .00000   .00000  5.33000   .00000   .00000   .00000   .00000   .00000   .00000  9.33000   .00000
#UVS Indices:Yankee  ;GF-1
 1995   .00000   .00000   .00000   .00000   .00000   .00000   .00000   .00000   .00000   .00000 10.67000   .00000
 1996   .00000   .00000   .00000 14.67000   .00000   .00000   .00000   .00000   .00000   .00000 12.00000   .00000
 1997   .00000   .00000   .00000   .00000  4.00000   .00000   .00000  1.33000   .00000   .00000  5.33000   .00000
 1998   .00000   .00000   .00000  9.33000   .00000   .00000   .00000   .00000   .00000  4.00000   .00000   .00000
 1999   .00000   .00000   .00000   .00000  4.00000   .00000   .00000   .00000   .00000   .00000  2.67000   .00000
 2000   .00000   .00000   .00000  5.33000   .00000   .00000   .00000   .00000   .00000   .00000  4.00000   .00000
#UVS Indices:Faraday ;GF-2
 1995   .00000   .00000   .00000   .00000   .00000   .00000   .00000   .00000   .00000   .00000  5.33000   .00000
 1996   .00000   .00000   .00000  6.67000   .00000   .00000   .00000   .00000   .00000   .00000   .00000   .00000
 1997   .00000   .00000   .00000   .00000  2.67000   .00000   .00000  2.67000   .00000   .00000 10.67000   .00000
 1998   .00000   .00000   .00000  5.33000   .00000   .00000   .00000   .00000   .00000  5.33000   .00000   .00000
 1999   .00000   .00000   .00000   .00000  6.67000   .00000   .00000  4.00000   .00000   .00000  4.00000   .00000
 2000   .00000   .00000   .00000  6.67000   .00000   .00000   .00000   .00000   .00000   .00000  1.33000   .00000
#UVS Indices:Knife   ;BF-1
 1995   .00000   .00000   .00000   .00000   .00000   .00000   .00000   .00000   .00000   .00000  5.33000   .00000
 1996   .00000   .00000   .00000 12.00000   .00000   .00000   .00000   .00000   .00000   .00000 20.00000   .00000
 1997   .00000   .00000   .00000   .00000  1.33000   .00000   .00000  2.67000   .00000   .00000  1.33000   .00000
 1998   .00000   .00000   .00000  4.00000   .00000   .00000   .00000   .00000   .00000  1.33000   .00000   .00000
 1999   .00000   .00000   .00000   .00000  4.00000   .00000   .00000   .00000   .00000   .00000  5.33000   .00000
 2000   .00000   .00000   .00000  6.67000   .00000   .00000   .00000   .00000   .00000   .00000  5.33000   .00000
#UVS Indices:Fork    ;BF-2
 1995   .00000   .00000   .00000   .00000   .00000   .00000   .00000   .00000   .00000   .00000  6.67000   .00000
 1996   .00000   .00000   .00000 16.00000   .00000   .00000   .00000   .00000   .00000   .00000  9.33000   .00000
 1997   .00000   .00000   .00000   .00000 10.67000   .00000   .00000   .00000   .00000   .00000  6.67000   .00000
 1998   .00000   .00000   .00000 10.67000   .00000   .00000   .00000   .00000   .00000  6.67000   .00000   .00000
 1999   .00000 14.67000   .00000   .00000  9.33000   .00000   .00000  2.67000   .00000   .00000  4.00000   .00000
 2000   .00000   .00000   .00000  1.33000   .00000   .00000   .00000   .00000   .00000   .00000  4.00000   .00000
#UVS Indices:20137   ;GC-1
 1995   .00000   .00000   .00000   .00000   .00000   .00000   .00000   .00000   .00000   .00000 78.67000   .00000
 1996   .00000   .00000   .00000 54.67000   .00000   .00000   .00000   .00000   .00000   .00000 54.67000   .00000
 1997   .00000   .00000   .00000   .00000 22.67000   .00000   .00000   .00000   .00000   .00000 14.67000   .00000
 1998   .00000   .00000   .00000 24.00000   .00000   .00000   .00000   .00000   .00000 24.00000   .00000   .00000
 1999   .00000 24.00000   .00000   .00000 26.67000   .00000   .00000 12.00000   .00000   .00000 10.67000   .00000
 2000   .00000   .00000   .00000 14.67000   .00000   .00000   .00000   .00000   .00000   .00000 26.67000   .00000
#UVS Indices:20142   ;GC-2
 1995   .00000   .00000   .00000   .00000   .00000   .00000   .00000   .00000   .00000   .00000 70.67000   .00000
 1996   .00000   .00000   .00000 44.00000   .00000   .00000   .00000   .00000   .00000   .00000 53.33000   .00000
 1997   .00000   .00000   .00000   .00000 28.00000   .00000   .00000   .00000   .00000   .00000 41.33000   .00000
 1998   .00000   .00000   .00000 50.67000   .00000   .00000   .00000   .00000   .00000 41.33000   .00000   .00000
 1999   .00000   .00000   .00000   .00000 34.67000   .00000   .00000   .00000   .00000   .00000 24.00000   .00000
 2000   .00000   .00000   .00000 24.00000   .00000   .00000   .00000   .00000   .00000   .00000 32.00000   .00000
#UVS Indices:20136   ;GF-1
 1995   .00000   .00000   .00000   .00000   .00000   .00000   .00000   .00000   .00000   .00000 73.33000   .00000
 1996   .00000   .00000   .00000 56.00000   .00000   .00000   .00000   .00000   .00000   .00000 64.00000   .00000
 1997   .00000   .00000   .00000   .00000 22.67000   .00000   .00000 14.67000   .00000   .00000 12.00000   .00000
 1998   .00000   .00000   .00000 14.67000   .00000   .00000   .00000   .00000   .00000 12.00000   .00000   .00000
 1999   .00000   .00000   .00000   .00000 18.67000   .00000   .00000   .00000   .00000   .00000  9.33000   .00000
 2000   .00000   .00000   .00000 26.67000   .00000   .00000   .00000   .00000   .00000   .00000 14.67000   .00000
#UVS Indices:Bax     ;GF-2
 1995   .00000   .00000   .00000   .00000   .00000   .00000   .00000   .00000   .00000   .00000 89.33000   .00000
 1996   .00000   .00000   .00000 60.00000   .00000   .00000   .00000   .00000   .00000   .00000 90.67000   .00000
 1997   .00000   .00000   .00000   .00000 20.00000   .00000   .00000 18.67000   .00000   .00000 22.67000   .00000
 1998   .00000   .00000   .00000 38.67000   .00000   .00000   .00000   .00000   .00000 32.00000   .00000   .00000
 1999   .00000 29.33000   .00000   .00000 16.00000   .00000   .00000 10.67000   .00000   .00000  9.33000   .00000
 2000   .00000   .00000   .00000 24.00000   .00000   .00000   .00000   .00000   .00000   .00000 29.33000   .00000
#UVS Indices:Liff    ;BF-1
 1995   .00000   .00000   .00000   .00000   .00000   .00000   .00000   .00000   .00000   .00000 36.00000   .00000
 1996   .00000   .00000   .00000 36.00000   .00000   .00000   .00000   .00000   .00000   .00000 17.33000   .00000
 1997   .00000   .00000   .00000   .00000 21.33000   .00000   .00000 13.33000   .00000   .00000 21.33000   .00000
 1998   .00000   .00000   .00000 18.67000   .00000   .00000   .00000   .00000   .00000 16.00000   .00000   .00000
 1999   .00000   .00000   .00000   .00000 16.00000   .00000   .00000   .00000   .00000   .00000 18.67000   .00000
 2000   .00000   .00000   .00000 49.33000   .00000   .00000   .00000   .00000   .00000   .00000 20.00000   .00000
#UVS Indices:Boulton ;BF-2
 1995   .00000   .00000   .00000   .00000   .00000   .00000   .00000   .00000   .00000   .00000 36.00000   .00000
 1996   .00000   .00000   .00000 32.00000   .00000   .00000   .00000   .00000   .00000   .00000 36.00000   .00000
 1997   .00000   .00000   .00000   .00000  4.00000   .00000   .00000   .00000   .00000   .00000  8.00000   .00000
 1998   .00000   .00000   .00000 13.33000   .00000   .00000   .00000   .00000   .00000 12.00000   .00000   .00000
 1999   .00000 14.67000   .00000   .00000 12.00000   .00000   .00000 16.00000   .00000   .00000 10.67000   .00000
 2000   .00000   .00000   .00000 21.33000   .00000   .00000   .00000   .00000   .00000   .00000 12.00000   .00000
#UVS Indices:21131   ;GC-1
 1995   .00000   .00000   .00000   .00000   .00000   .00000   .00000   .00000   .00000   .00000 65.33000   .00000
 1996   .00000   .00000   .00000 58.67000   .00000   .00000   .00000   .00000   .00000   .00000 37.33000   .00000
 1997   .00000   .00000   .00000   .00000 33.33000   .00000   .00000   .00000   .00000   .00000 30.67000   .00000
 1998   .00000   .00000   .00000 16.00000   .00000   .00000   .00000   .00000   .00000 22.67000   .00000   .00000
 1999   .00000 30.67000   .00000   .00000 36.00000   .00000   .00000 28.00000   .00000   .00000 29.33000   .00000
 2000   .00000   .00000   .00000 36.00000   .00000   .00000   .00000   .00000   .00000   .00000 44.00000   .00000
#UVS Indices:21132   ;GC-2
 1995   .00000   .00000   .00000   .00000   .00000   .00000   .00000   .00000   .00000   .00000 33.33000   .00000
 1996   .00000   .00000   .00000 48.00000   .00000   .00000   .00000   .00000   .00000   .00000 37.33000   .00000
 1997   .00000   .00000   .00000   .00000 20.00000   .00000   .00000   .00000   .00000   .00000 18.67000   .00000
 1998   .00000   .00000   .00000 22.67000   .00000   .00000   .00000   .00000   .00000  4.00000   .00000   .00000
 1999   .00000   .00000   .00000   .00000 30.67000   .00000   .00000   .00000   .00000   .00000 13.33000   .00000
 2000   .00000   .00000   .00000 21.33000   .00000   .00000   .00000   .00000   .00000   .00000 30.67000   .00000
#UVS Indices:21130   ;GF-1
 1995   .00000   .00000   .00000   .00000   .00000   .00000   .00000   .00000   .00000   .00000 30.67000   .00000
 1996   .00000   .00000   .00000 46.67000   .00000   .00000   .00000   .00000   .00000   .00000 48.00000   .00000
 1997   .00000   .00000   .00000   .00000 10.67000   .00000   .00000 10.67000   .00000   .00000  6.67000   .00000
 1998   .00000   .00000   .00000 28.00000   .00000   .00000   .00000   .00000   .00000 29.33000   .00000   .00000
 1999   .00000   .00000   .00000   .00000 21.33000   .00000   .00000   .00000   .00000   .00000 44.00000   .00000
 2000   .00000   .00000   .00000 45.33000   .00000   .00000   .00000   .00000   .00000   .00000 53.33000   .00000
#UVS Indices:21133   ;GF-2
 1995   .00000   .00000   .00000   .00000   .00000   .00000   .00000   .00000   .00000   .00000 34.67000   .00000
 1996   .00000   .00000   .00000 36.00000   .00000   .00000   .00000   .00000   .00000   .00000 34.67000   .00000
 1997   .00000   .00000   .00000   .00000 16.00000   .00000   .00000 16.00000   .00000   .00000  9.33000   .00000
 1998   .00000   .00000   .00000 13.33000   .00000   .00000   .00000   .00000   .00000  9.33000   .00000   .00000
 1999   .00000 18.67000   .00000   .00000 13.33000   .00000   .00000  4.00000   .00000   .00000  8.00000   .00000
 2000   .00000   .00000   .00000  6.67000   .00000   .00000   .00000   .00000   .00000   .00000 20.00000   .00000
#UVS Indices:21124   ;BF-1
 1995   .00000   .00000   .00000   .00000   .00000   .00000   .00000   .00000   .00000   .00000 30.67000   .00000
 1996   .00000   .00000   .00000 29.33000   .00000   .00000   .00000   .00000   .00000   .00000 32.00000   .00000
 1997   .00000   .00000   .00000   .00000 14.67000   .00000   .00000 13.33000   .00000   .00000 25.33000   .00000
 1998   .00000   .00000   .00000 28.00000   .00000   .00000   .00000   .00000   .00000  4.00000   .00000   .00000
 1999   .00000   .00000   .00000   .00000  5.33000   .00000   .00000   .00000   .00000   .00000 14.67000   .00000
 2000   .00000   .00000   .00000 37.33000   .00000   .00000   .00000   .00000   .00000   .00000 16.00000   .00000
#UVS Indices:21139   ;BF-2
 1995   .00000   .00000   .00000   .00000   .00000   .00000   .00000   .00000   .00000   .00000 25.33000   .00000
 1996   .00000   .00000   .00000 44.00000   .00000   .00000   .00000   .00000   .00000   .00000 54.67000   .00000
 1997   .00000   .00000   .00000   .00000 22.67000   .00000   .00000   .00000   .00000   .00000 12.00000   .00000
 1998   .00000   .00000   .00000 34.67000   .00000   .00000   .00000   .00000   .00000  9.33000   .00000   .00000
 1999   .00000 41.33000   .00000   .00000 16.00000   .00000   .00000 14.67000   .00000   .00000 24.00000   .00000
 2000   .00000   .00000   .00000 21.33000   .00000   .00000   .00000   .00000   .00000   .00000 20.00000   .00000
# Research catch survey data:MacGill ;GC-1
 1995  -1.00000 -1.00000 -1.00000 -1.00000 -1.00000 -1.00000 -1.00000 -1.00000 -1.00000  4.64876 -1.00000 -1.00000
 1996  -1.00000 -1.00000 -1.00000 -1.00000 -1.00000 -1.00000 -1.00000 -1.00000 -1.00000 -1.00000 -1.00000 -1.00000
 1997  -1.00000 -1.00000 -1.00000 -1.00000 -1.00000 -1.00000 -1.00000 -1.00000 -1.00000  7.66990 -1.00000 14.03509
 1998  -1.00000 -1.00000 -1.00000 -1.00000 -1.00000 -1.00000 -1.00000 -1.00000 -1.00000  7.48945 -1.00000 -1.00000
 1999  -1.00000 -1.00000 -1.00000 -1.00000 -1.00000 -1.00000 -1.00000 -1.00000 -1.00000  9.51220 -1.00000  2.55009
 2000  -1.00000 -1.00000 -1.00000 -1.00000 -1.00000 -1.00000 -1.00000 -1.00000 -1.00000  5.50918 -1.00000 -1.00000
# Research catch survey data:StdDirn ;GC-1
 1995  -1.00000 -1.00000 -1.00000 -1.00000 -1.00000 -1.00000 -1.00000 -1.00000 -1.00000 12.43655 -1.00000 -1.00000
 1996  -1.00000 -1.00000 -1.00000 -1.00000 -1.00000 -1.00000 -1.00000 -1.00000 -1.00000  9.74155 -1.00000 -1.00000
 1997  -1.00000 -1.00000 -1.00000 -1.00000 -1.00000 -1.00000 -1.00000 -1.00000 -1.00000  5.20231 -1.00000 -1.00000
 1998  -1.00000 -1.00000 -1.00000 -1.00000 -1.00000 -1.00000 -1.00000 -1.00000 -1.00000 12.46291 -1.00000 -1.00000
 1999  -1.00000 -1.00000 10.03861 -1.00000 12.77778 -1.00000 -1.00000 -1.00000 12.37374 13.64583 -1.00000 -1.00000
 2000  -1.00000 -1.00000 -1.00000 12.46512 -1.00000 -1.00000 -1.00000 -1.00000 -1.00000 11.87215 -1.00000 -1.00000
# Research catch survey data:RockyA  ;GF-1
 1995  -1.00000 -1.00000 -1.00000 -1.00000 -1.00000 -1.00000 -1.00000 -1.00000 -1.00000 14.84517 -1.00000 -1.00000
 1996  -1.00000 -1.00000 -1.00000 -1.00000 -1.00000 -1.00000 -1.00000 -1.00000 -1.00000 13.99317 -1.00000 -1.00000
 1997  -1.00000 -1.00000 -1.00000 -1.00000 13.64055 -1.00000 -1.00000 10.09009 -1.00000 15.33898 -1.00000 -1.00000
 1998  -1.00000 -1.00000 -1.00000 13.29480 -1.00000 -1.00000 -1.00000 -1.00000 11.77708 -1.00000 -1.00000 -1.00000
 1999  -1.00000 -1.00000 -1.00000 -1.00000 -1.00000 -1.00000 -1.00000 -1.00000 -1.00000 -1.00000 -1.00000 16.12903
 2000  -1.00000 -1.00000 -1.00000 -1.00000 -1.00000 -1.00000 -1.00000 -1.00000 -1.00000 13.29787 -1.00000 -1.00000
# Research catch survey data:Eyrie   ;GF-2
 1995  -1.00000 -1.00000 -1.00000 -1.00000 -1.00000 -1.00000 -1.00000 -1.00000 -1.00000 13.03704 -1.00000 -1.00000
 1996  -1.00000 -1.00000 -1.00000 -1.00000 -1.00000 -1.00000 -1.00000 -1.00000 -1.00000 15.76806 -1.00000 -1.00000
 1997  -1.00000 -1.00000 -1.00000 -1.00000 19.91837 -1.00000 -1.00000  9.25620 -1.00000 11.12040 -1.00000 -1.00000
 1998  -1.00000 -1.00000 -1.00000 13.22094 -1.00000 -1.00000 -1.00000 -1.00000 -1.00000 16.68394 -1.00000 -1.00000
 1999  -1.00000 -1.00000 12.95388 -1.00000  9.11565 -1.00000 -1.00000 -1.00000 10.19900 -1.00000 -1.00000  8.35938
 2000  -1.00000 -1.00000 -1.00000 10.64909 -1.00000 -1.00000 -1.00000 -1.00000 -1.00000 12.76042 -1.00000 -1.00000
# Research catch survey data:RockyB  ;BF-1
 1995  -1.00000 -1.00000 -1.00000 -1.00000 -1.00000 -1.00000 -1.00000 -1.00000 -1.00000 14.66446 -1.00000 -1.00000
 1996  -1.00000 -1.00000 -1.00000 -1.00000 -1.00000 -1.00000 -1.00000 -1.00000 -1.00000 12.88014 -1.00000 -1.00000
 1997  -1.00000 -1.00000 -1.00000 -1.00000 12.78689 -1.00000 -1.00000 12.98077 -1.00000  8.76331 -1.00000 -1.00000
 1998  -1.00000 -1.00000 -1.00000 10.12891 -1.00000 -1.00000 -1.00000 -1.00000 -1.00000  9.54447 -1.00000 -1.00000
 1999  -1.00000 -1.00000 -1.00000 -1.00000 -1.00000 -1.00000 -1.00000 -1.00000 -1.00000 14.25662 -1.00000 -1.00000
 2000  -1.00000 -1.00000 -1.00000 -1.00000 -1.00000 -1.00000 -1.00000 -1.00000 -1.00000 16.77302 -1.00000 -1.00000
# Research catch survey data:14133   ;BF-2
 1995  -1.00000 -1.00000 -1.00000 -1.00000 -1.00000 -1.00000 -1.00000 -1.00000 -1.00000 13.80846 -1.00000 -1.00000
 1996  -1.00000 -1.00000 -1.00000 -1.00000 -1.00000 -1.00000 -1.00000 -1.00000 -1.00000 11.38088 -1.00000 -1.00000
 1997  -1.00000 -1.00000 -1.00000 -1.00000 -1.00000 -1.00000 -1.00000 -1.00000 -1.00000  9.62171 -1.00000 -1.00000
 1998  -1.00000 -1.00000 -1.00000 -1.00000 -1.00000 -1.00000 -1.00000 -1.00000 13.98773 -1.00000 -1.00000 -1.00000
 1999    .00000 -1.00000 10.80278 -1.00000 -1.00000 12.20930 -1.00000 -1.00000 12.10580 10.67358 -1.00000 -1.00000
 2000  -1.00000 -1.00000 -1.00000 15.25862 -1.00000 -1.00000 -1.00000 -1.00000 -1.00000  8.92688 -1.00000 -1.00000
# Research catch survey data:Dip     ;GC-1
 1995  -1.00000 -1.00000 -1.00000 -1.00000 -1.00000 -1.00000 -1.00000 -1.00000 -1.00000 -1.00000  6.36896 -1.00000
 1996  -1.00000 -1.00000 -1.00000 -1.00000 -1.00000 -1.00000 -1.00000 -1.00000 -1.00000  6.42077 -1.00000 -1.00000
 1997  -1.00000 -1.00000 -1.00000 -1.00000 -1.00000 -1.00000 -1.00000 -1.00000 -1.00000 11.65130 -1.00000 -1.00000
 1998  -1.00000 -1.00000 -1.00000 -1.00000 -1.00000 -1.00000 -1.00000 -1.00000 -1.00000 14.29825 -1.00000 -1.00000
 1999  -1.00000 13.08851 -1.00000 -1.00000 17.02857 -1.00000 -1.00000 16.84303 -1.00000 -1.00000  9.00974 -1.00000
 2000  -1.00000 -1.00000 -1.00000 15.62216 -1.00000 -1.00000 -1.00000 -1.00000 -1.00000 11.62587 -1.00000 -1.00000
# Research catch survey data:Glow    ;GC-2
 1995  -1.00000 -1.00000 -1.00000 -1.00000 -1.00000 -1.00000 -1.00000 -1.00000 -1.00000 -1.00000 13.64307 -1.00000
 1996  -1.00000 -1.00000 -1.00000 -1.00000 -1.00000 -1.00000 -1.00000 -1.00000 -1.00000 -1.00000 16.27385 -1.00000
 1997  -1.00000 -1.00000 -1.00000 -1.00000 -1.00000 -1.00000 -1.00000 -1.00000 -1.00000 13.07566 -1.00000 -1.00000
 1998  -1.00000 -1.00000 -1.00000 -1.00000 -1.00000 -1.00000 -1.00000 -1.00000 -1.00000 13.90169 -1.00000 -1.00000
 1999  -1.00000 -1.00000 -1.00000 -1.00000 -1.00000 -1.00000 -1.00000 -1.00000 -1.00000 -1.00000 17.45539 -1.00000
 2000  -1.00000 -1.00000 -1.00000 -1.00000 -1.00000 -1.00000 -1.00000 -1.00000 -1.00000 15.01444 -1.00000 -1.00000
# Research catch survey data:Yankee  ;GF-1
 1995  -1.00000 -1.00000 -1.00000 -1.00000 -1.00000 -1.00000 -1.00000 -1.00000 -1.00000 -1.00000  9.91667 -1.00000
 1996  -1.00000 -1.00000 -1.00000 -1.00000 -1.00000 -1.00000 -1.00000 -1.00000 -1.00000 -1.00000 14.55458 -1.00000
 1997  -1.00000 -1.00000 -1.00000 -1.00000  6.54028 -1.00000 -1.00000  4.18502 -1.00000  4.54545 -1.00000 -1.00000
 1998  -1.00000 -1.00000 -1.00000  5.57157 -1.00000 -1.00000 -1.00000 -1.00000 -1.00000  8.80881 -1.00000 -1.00000
 1999  -1.00000 -1.00000 -1.00000 -1.00000 -1.00000 -1.00000 -1.00000 -1.00000 -1.00000 -1.00000 14.90978 -1.00000
 2000  -1.00000 -1.00000 -1.00000 -1.00000 -1.00000 -1.00000 -1.00000 -1.00000 -1.00000 11.05121 -1.00000 -1.00000
# Research catch survey data:Faraday ;GF-2
 1995  -1.00000 -1.00000 -1.00000 -1.00000 -1.00000 -1.00000 -1.00000 -1.00000 -1.00000 -1.00000  4.87310 -1.00000
 1996  -1.00000 -1.00000 -1.00000 -1.00000 -1.00000 -1.00000 -1.00000 -1.00000 -1.00000  4.24710 -1.00000 -1.00000
 1997  -1.00000 -1.00000 -1.00000 -1.00000 10.44534 -1.00000 -1.00000  7.27848 -1.00000 10.65141 -1.00000 -1.00000
 1998  -1.00000 -1.00000 -1.00000 11.23491 -1.00000 -1.00000 -1.00000 -1.00000 -1.00000 11.67134 -1.00000 -1.00000
 1999  -1.00000  8.77034 -1.00000 -1.00000 10.77128 -1.00000 -1.00000 11.84996 -1.00000 -1.00000  8.43049 -1.00000
 2000  -1.00000 -1.00000 -1.00000  5.56046 -1.00000 -1.00000 -1.00000 -1.00000 -1.00000  6.55738 -1.00000 -1.00000
# Research catch survey data:Knife   ;BF-1
 1995  -1.00000 -1.00000 -1.00000 -1.00000 -1.00000 -1.00000 -1.00000 -1.00000 -1.00000 -1.00000  6.16114 -1.00000
 1996  -1.00000 -1.00000 -1.00000 -1.00000 -1.00000 -1.00000 -1.00000 -1.00000 -1.00000 -1.00000  8.17518 -1.00000
 1997  -1.00000 -1.00000 -1.00000 -1.00000  2.87892 -1.00000 -1.00000  3.00000 -1.00000  2.53659 -1.00000 -1.00000
 1998  -1.00000 -1.00000 -1.00000  5.55556 -1.00000 -1.00000 -1.00000 -1.00000 -1.00000  4.98710 -1.00000 -1.00000
 1999  -1.00000 -1.00000 -1.00000 -1.00000 -1.00000 -1.00000 -1.00000 -1.00000 -1.00000  8.64407 -1.00000 -1.00000
 2000  -1.00000 -1.00000 -1.00000 -1.00000 -1.00000 -1.00000 -1.00000 -1.00000 -1.00000 12.76382 -1.00000 -1.00000
# Research catch survey data:Fork    ;BF-2
 1995  -1.00000 -1.00000 -1.00000 -1.00000 -1.00000 -1.00000 -1.00000 -1.00000 -1.00000 -1.00000  7.25806 -1.00000
 1996  -1.00000 -1.00000 -1.00000 -1.00000 -1.00000 -1.00000 -1.00000 -1.00000 -1.00000 -1.00000  7.72251 -1.00000
 1997  -1.00000 -1.00000 -1.00000 -1.00000 -1.00000 -1.00000 -1.00000 -1.00000 -1.00000  5.92160 -1.00000 -1.00000
 1998  -1.00000 -1.00000 -1.00000 -1.00000 -1.00000 -1.00000 -1.00000 -1.00000 -1.00000  8.27943 -1.00000 -1.00000
 1999  -1.00000  6.19579 -1.00000 -1.00000 11.30952 -1.00000 -1.00000  6.64767 -1.00000  6.30798 -1.00000 -1.00000
 2000  -1.00000 -1.00000 -1.00000  8.02188 -1.00000 -1.00000 -1.00000 -1.00000 -1.00000  4.05904 -1.00000 -1.00000
# Research catch survey data:20137   ;GC-1
 1995  -1.00000 -1.00000 -1.00000 -1.00000 -1.00000 -1.00000 -1.00000 -1.00000 -1.00000 -1.00000 -1.00000 22.53203
 1996  -1.00000 -1.00000 -1.00000 -1.00000 -1.00000 -1.00000 -1.00000 -1.00000 -1.00000 -1.00000 22.83465 -1.00000
 1997  -1.00000 -1.00000 -1.00000 -1.00000 -1.00000 -1.00000 -1.00000 -1.00000 -1.00000 -1.00000  7.11864 -1.00000
 1998  -1.00000 -1.00000 -1.00000 -1.00000 -1.00000 -1.00000 -1.00000 -1.00000 -1.00000 12.09048 -1.00000 -1.00000
 1999  -1.00000  6.87500 -1.00000 -1.00000 10.76923 -1.00000 -1.00000 11.71004 -1.00000 -1.00000 11.51461 -1.00000
 2000  -1.00000 -1.00000 15.47721 -1.00000 -1.00000 -1.00000 -1.00000 -1.00000 -1.00000 -1.00000 16.97613 -1.00000
# Research catch survey data:20142   ;GC-2
 1995  -1.00000 -1.00000 -1.00000 -1.00000 -1.00000 -1.00000 -1.00000 -1.00000 -1.00000 -1.00000 -1.00000 26.30185
 1996  -1.00000 -1.00000 -1.00000 -1.00000 -1.00000 -1.00000 -1.00000 -1.00000 -1.00000 -1.00000 25.15213 -1.00000
 1997  -1.00000 -1.00000 -1.00000 -1.00000 -1.00000 -1.00000 -1.00000 -1.00000 -1.00000 -1.00000 11.85436 -1.00000
 1998  -1.00000 -1.00000 -1.00000 -1.00000 -1.00000 -1.00000 -1.00000 -1.00000 -1.00000 16.42276 -1.00000 -1.00000
 1999  -1.00000 -1.00000 -1.00000 -1.00000 -1.00000 -1.00000 -1.00000 -1.00000 -1.00000 -1.00000 17.76480 -1.00000
 2000  -1.00000 -1.00000 -1.00000 -1.00000 -1.00000 -1.00000 -1.00000 -1.00000 -1.00000 -1.00000 20.84980 -1.00000
# Research catch survey data:20136   ;GF-1
 1995  -1.00000 -1.00000 -1.00000 -1.00000 -1.00000 -1.00000 -1.00000 -1.00000 -1.00000 -1.00000 -1.00000 22.44178
 1996  -1.00000 -1.00000 -1.00000 -1.00000 -1.00000 -1.00000 -1.00000 -1.00000 -1.00000 -1.00000 27.27273 -1.00000
 1997  -1.00000 -1.00000 -1.00000 -1.00000  9.17197 -1.00000 -1.00000  6.42769 -1.00000 -1.00000 10.26786 -1.00000
 1998  -1.00000 -1.00000 -1.00000 13.14103 -1.00000 -1.00000 -1.00000 -1.00000 -1.00000 14.77987 -1.00000 -1.00000
 1999  -1.00000 -1.00000 -1.00000 -1.00000 -1.00000 -1.00000 -1.00000 -1.00000 -1.00000 -1.00000 18.67863 -1.00000
 2000  -1.00000 -1.00000 -1.00000 -1.00000 -1.00000 -1.00000 -1.00000 -1.00000 -1.00000 -1.00000 25.09653 -1.00000
# Research catch survey data:Bax     ;GF-2
 1995  -1.00000 -1.00000 -1.00000 -1.00000 -1.00000 -1.00000 -1.00000 -1.00000 -1.00000 -1.00000 -1.00000 21.39303
 1996  -1.00000 -1.00000 -1.00000 -1.00000 -1.00000 -1.00000 -1.00000 -1.00000 -1.00000 -1.00000 26.82216 -1.00000
 1997  -1.00000 -1.00000 -1.00000 -1.00000 13.08962 -1.00000 -1.00000 11.90751 -1.00000 -1.00000  9.40246 -1.00000
 1998  -1.00000 -1.00000 -1.00000 18.11024 -1.00000 -1.00000 -1.00000 -1.00000 -1.00000 -1.00000 23.11234 -1.00000
 1999  -1.00000 13.34094 -1.00000 -1.00000 12.61634 -1.00000 -1.00000  8.06946 -1.00000 -1.00000 15.67878 -1.00000
 2000  -1.00000 -1.00000 16.19870 -1.00000 -1.00000 -1.00000 -1.00000 -1.00000 -1.00000 -1.00000 23.72727 -1.00000
# Research catch survey data:Liff    ;BF-1
 1995  -1.00000 -1.00000 -1.00000 -1.00000 -1.00000 -1.00000 -1.00000 -1.00000 -1.00000 -1.00000 -1.00000 11.92351
 1996  -1.00000 -1.00000 -1.00000 -1.00000 -1.00000 -1.00000 -1.00000 -1.00000 -1.00000 -1.00000 11.57556 -1.00000
 1997  -1.00000 -1.00000 -1.00000 -1.00000 12.54826 -1.00000 -1.00000  4.07125 -1.00000 -1.00000  7.13615 -1.00000
 1998  -1.00000 -1.00000 -1.00000 11.18068 -1.00000 -1.00000 -1.00000 -1.00000 -1.00000 -1.00000 10.48035 -1.00000
 1999  -1.00000 -1.00000 -1.00000 -1.00000 -1.00000 -1.00000 -1.00000 -1.00000 -1.00000 -1.00000 15.94982 -1.00000
 2000  -1.00000 -1.00000 -1.00000 -1.00000 -1.00000 -1.00000 -1.00000 -1.00000 -1.00000 -1.00000 18.66423 -1.00000
# Research catch survey data:Boulton ;BF-2
 1995  -1.00000 -1.00000 -1.00000 -1.00000 -1.00000 -1.00000 -1.00000 -1.00000 -1.00000 -1.00000 -1.00000 18.60269
 1996  -1.00000 -1.00000 -1.00000 -1.00000 -1.00000 -1.00000 -1.00000 -1.00000 -1.00000 -1.00000 16.50000 -1.00000
 1997  -1.00000 -1.00000 -1.00000 -1.00000 -1.00000 -1.00000 -1.00000 -1.00000 -1.00000 -1.00000  4.12371 -1.00000
 1998  -1.00000 -1.00000 -1.00000 -1.00000 -1.00000 -1.00000 -1.00000 -1.00000 -1.00000 -1.00000 13.57798 -1.00000
 1999  -1.00000 11.55914 -1.00000 -1.00000 11.62579 -1.00000 -1.00000 15.81312 -1.00000 -1.00000 12.52632 -1.00000
 2000  -1.00000 -1.00000 19.55556 -1.00000 -1.00000 -1.00000 -1.00000 -1.00000 -1.00000 -1.00000 19.91453 -1.00000
# Research catch survey data:21131   ;GC-1
 1995  -1.00000 -1.00000 -1.00000 -1.00000 -1.00000 -1.00000 -1.00000 -1.00000 -1.00000 -1.00000 -1.00000 -1.00000
 1996  26.63462 -1.00000 -1.00000 -1.00000 -1.00000 -1.00000 -1.00000 -1.00000 -1.00000 -1.00000 -1.00000 29.68944
 1997  -1.00000 -1.00000 -1.00000 -1.00000 -1.00000 -1.00000 -1.00000 -1.00000 -1.00000 -1.00000 -1.00000 20.41933
 1998  -1.00000 -1.00000 -1.00000 -1.00000 -1.00000 -1.00000 -1.00000 -1.00000 -1.00000 -1.00000 24.49160 -1.00000
 1999  -1.00000 -1.00000 -1.00000 -1.00000 21.66302 -1.00000 -1.00000 20.55556 -1.00000 -1.00000 24.43845 -1.00000
 2000  -1.00000 -1.00000 28.50334 -1.00000 -1.00000 -1.00000 -1.00000 -1.00000 -1.00000 -1.00000 24.97754 -1.00000
# Research catch survey data:21132   ;GC-2
 1995  -1.00000 -1.00000 -1.00000 -1.00000 -1.00000 -1.00000 -1.00000 -1.00000 -1.00000 -1.00000 -1.00000 -1.00000
 1996  32.23621 -1.00000 -1.00000 -1.00000 -1.00000 -1.00000 -1.00000 -1.00000 -1.00000 -1.00000 -1.00000 37.06564
 1997  -1.00000 -1.00000 -1.00000 -1.00000 -1.00000 -1.00000 -1.00000 -1.00000 -1.00000 -1.00000 -1.00000 14.28571
 1998  -1.00000 -1.00000 -1.00000 -1.00000 -1.00000 -1.00000 -1.00000 -1.00000 -1.00000 -1.00000 13.91802 -1.00000
 1999  -1.00000 -1.00000 -1.00000 -1.00000 -1.00000 -1.00000 -1.00000 -1.00000 -1.00000 -1.00000 22.17502 -1.00000
 2000  -1.00000 -1.00000 -1.00000 -1.00000 -1.00000 -1.00000 -1.00000 -1.00000 -1.00000 -1.00000 21.25115 -1.00000
# Research catch survey data:21130   ;GF-1
 1995  -1.00000 -1.00000 -1.00000 -1.00000 -1.00000 -1.00000 -1.00000 -1.00000 -1.00000 -1.00000 -1.00000 -1.00000
 1996  27.55365 -1.00000 -1.00000 -1.00000 -1.00000 -1.00000 -1.00000 -1.00000 -1.00000 -1.00000 35.87500 -1.00000
 1997  -1.00000 -1.00000 -1.00000 -1.00000 10.11524 -1.00000 -1.00000  4.13943 -1.00000 -1.00000 -1.00000 11.60521
 1998  -1.00000 -1.00000 -1.00000 15.36082 -1.00000 -1.00000 -1.00000 -1.00000 -1.00000 -1.00000 15.87902 -1.00000
 1999  -1.00000 -1.00000 -1.00000 -1.00000 -1.00000 -1.00000 -1.00000 -1.00000 -1.00000 -1.00000 28.60465 -1.00000
 2000  -1.00000 -1.00000 -1.00000 -1.00000 -1.00000 -1.00000 -1.00000 -1.00000 -1.00000 -1.00000 26.95730 -1.00000
# Research catch survey data:21133   ;GF-2
 1995  -1.00000 -1.00000 -1.00000 -1.00000 -1.00000 -1.00000 -1.00000 -1.00000 -1.00000 -1.00000 -1.00000 -1.00000
 1996  18.09816 -1.00000 -1.00000 -1.00000 -1.00000 -1.00000 -1.00000 -1.00000 -1.00000 -1.00000 -1.00000 19.41252
 1997  -1.00000 -1.00000 -1.00000 -1.00000 14.37372 -1.00000 -1.00000  5.59552 -1.00000 -1.00000 -1.00000 13.82824
 1998  -1.00000 -1.00000 -1.00000 13.41060 -1.00000 -1.00000 -1.00000 -1.00000 -1.00000 -1.00000  9.76703 -1.00000
 1999  -1.00000 -1.00000 -1.00000 -1.00000 10.98081 -1.00000 -1.00000  6.49225 -1.00000 -1.00000 15.54810 -1.00000
 2000  -1.00000 -1.00000 12.97641 -1.00000 -1.00000 -1.00000 -1.00000 -1.00000 -1.00000 -1.00000 11.65049 -1.00000
# Research catch survey data:21124   ;BF-1
 1995  -1.00000 -1.00000 -1.00000 -1.00000 -1.00000 -1.00000 -1.00000 -1.00000 -1.00000 -1.00000 -1.00000 -1.00000
 1996  18.74346 -1.00000 -1.00000 -1.00000 -1.00000 -1.00000 -1.00000 -1.00000 -1.00000 -1.00000 15.78045 -1.00000
 1997  -1.00000 -1.00000 -1.00000 -1.00000 15.87591 -1.00000 -1.00000  8.86203 -1.00000 -1.00000 -1.00000 13.82979
 1998  -1.00000 -1.00000 -1.00000 20.38217 -1.00000 -1.00000 -1.00000 -1.00000 -1.00000 -1.00000 15.52680 -1.00000
 1999  -1.00000 -1.00000 -1.00000 -1.00000 -1.00000 -1.00000 -1.00000 -1.00000 -1.00000 -1.00000 21.62741 -1.00000
 2000  -1.00000 -1.00000 -1.00000 -1.00000 -1.00000 -1.00000 -1.00000 -1.00000 -1.00000 -1.00000 20.10582 -1.00000
# Research catch survey data:21139   ;BF-2
 1995  -1.00000 -1.00000 -1.00000 -1.00000 -1.00000 -1.00000 -1.00000 -1.00000 -1.00000 -1.00000 -1.00000 -1.00000
 1996  13.81307 -1.00000 -1.00000 -1.00000 -1.00000 -1.00000 -1.00000 -1.00000 -1.00000 -1.00000 -1.00000 22.13001
 1997  -1.00000 -1.00000 -1.00000 -1.00000 -1.00000 -1.00000 -1.00000 -1.00000 -1.00000 -1.00000 -1.00000 -1.00000
 1998   7.19237 -1.00000 -1.00000 -1.00000 -1.00000 -1.00000 -1.00000 -1.00000 -1.00000 -1.00000 10.36036 -1.00000
 1999  -1.00000 -1.00000 -1.00000 -1.00000 12.02532 -1.00000 -1.00000  9.13556 -1.00000 -1.00000 14.93695 -1.00000
 2000  -1.00000 -1.00000 15.92466 -1.00000 -1.00000 -1.00000 -1.00000 -1.00000 -1.00000 -1.00000 15.47105 -1.00000

